-3.450847354357892277e-02
2.196762123819472751e-02
3.113612543873115618e-02
2.608216291767172512e-01
1.634808888615401912e-01
2.848693162028828607e-01
2.519286975524738237e-01
2.962578450394114937e-01
3.598066579626039707e-01
4.499853588421477424e-01
1.931672687613242290e-01
5.333998842460109246e-01
4.980085002170057118e-01
6.520665907469658240e-01
7.471219337015811979e-01
9.957752955578020870e-01
8.325238963576558904e-01
9.938823970021654075e-01
1.117038223160315313e+00
1.007478457628312229e+00
1.061926426457341810e+00
1.042875675180895190e+00
1.315011542951795231e+00
1.410737244045667804e+00
1.556603908159449157e+00
1.508580057429335763e+00
1.688633935268755382e+00
1.765443514614182918e+00
1.825957190670858044e+00
1.775493961093454587e+00
2.069008708763317994e+00
1.969761534906644851e+00
2.172572009509546209e+00
2.356775126883186910e+00
2.432427865697265101e+00
2.437620711033414267e+00
2.620764727291539309e+00
2.650409338865167275e+00
2.667706676677100486e+00
3.105237852355897221e+00
2.943097635238724141e+00
3.209135245123734492e+00
3.163871249181151146e+00
3.490473180736096470e+00
3.648988564546292945e+00
3.516906747270964306e+00
3.850949100275571801e+00
3.879954524255001758e+00
4.023255863275020161e+00
4.237810383524415414e+00
4.338889073505553640e+00
4.442600036563936428e+00
4.610069138692949764e+00
4.785660688117302719e+00
4.760270423609393120e+00
5.199498817531964967e+00
5.221299455643216625e+00
5.443466327930966742e+00
5.537098397460693100e+00
5.814421364658330482e+00
5.776116290723264157e+00
5.855392183663310490e+00
6.322754211807461111e+00
6.432663894279547989e+00
6.451299622910596554e+00
6.536973544116433388e+00
6.793134935172621347e+00
7.041837435938334444e+00
7.114567001798126178e+00
7.409011688203009705e+00
7.534677212784803402e+00
7.867285925932318236e+00
7.832221838998674635e+00
7.969823604768479619e+00
8.466200235896980786e+00
8.440032932001706456e+00
8.761540361558319390e+00
8.971329320605615720e+00
9.018487600786302849e+00
9.308774530941997583e+00
9.270872575765523038e+00
9.698972758408759276e+00
9.743280429781783880e+00
1.011446622486121072e+01
1.042940996408217025e+01
1.062335150830403663e+01
1.097580896777137127e+01
1.117653410193832109e+01
1.135113173339864723e+01
1.148931317759995885e+01
1.185472026111441046e+01
1.204403290535802462e+01
1.229552172962517709e+01
1.233607515905707608e+01
1.285954965994528187e+01
1.291214620921256184e+01
1.336485417841901402e+01
1.345406657666333672e+01
1.376764637105923583e+01
1.398260989252191067e+01
